tools/contrib/meshing/sample.arc
north: 1.8239299570389953e+05
south: 1.8164250000000000e+05
east: 7.5525689123385516e+05
west: 7.5435638649746997e+05
rows: 76
cols: 91
[rows 50 to 74 of 76, columns 0 to 56 of 91]
340.105255 340.945557 341.933563 342.752869 343.622223 343.321747 342.684723 342.1492 341.609192 340.798309 340.120636 339.463348 338.818329 338.188049 337.4711 336.427277 335.3526 334.252991 333.062256 332.136047 330.602753 328.56958 325.970215 322.964172 319.776611 316.402191 312.906738 312.347351 311.643036 310.135071 307.914581 305.610962 303.292542 301.79541 301.457458 301.848083 301.812836 302.280518 303.182861 302.817505 301.997437 300.304199 297.418671 297.883331 298.885376 299.135559 299.350067 299.755951 300.161865 300.515167 300.556427 300.341125 297.930206 297.464813 298.690308 297.496033 296.174866
340.692444 341.476227 342.06662 342.987579 342.963165 342.625336 342.050598 341.400177 340.518524 339.636871 338.908569 338.206879 337.530304 336.908844 335.980896 335.053192 334.254395 333.174347 331.501984 330.472076 328.74176 326.27179 323.495972 320.768738 317.60611 314.464111 311.455994 309.317841 308.53595 306.469788 304.24472 302.850098 303.367035 303.795441 304.555634 305.089508 305.686523 306.521576 307.477386 306.202057 304.538696 302.671967 299.561096 300.666016 302.285431 302.380402 302.496735 302.897522 303.303436 303.240417 303.122864 303.207245 299.741058 301.233368 301.080109 299.647614 298.363312
340.634521 341.141663 342.000336 342.267487 341.996948 341.776489 341.254242 340.687988 339.885529 338.868439 337.913147 337.112885 336.33313 335.634338 334.543182 333.553741 332.961792 331.544952 329.701141 327.857361 326.524323 324.022217 321.238922 318.457703 315.609741 312.629639 309.49765 307.215607 306.464081 306.23761 306.195282 306.263947 306.777649 307.447144 307.867584 308.440399 309.071472 309.838562 310.159821 308.738464 307.046173 304.961731 301.633423 302.614594 305.513123 305.626404 305.736694 306.039093 306.144623 305.965698 305.786743 304.57666 302.232544 304.056915 302.945099 301.015076 300.147858
340.969849 341.677521 341.85791 341.591949 341.269379 340.930695 340.431946 339.898193 339.33194 338.468933 337.502655 336.598572 335.634644 334.396027 333.109619 332.154724 331.121277 329.435608 327.663116 325.890625 324.118134 321.817535 319.076874 316.336243 313.869995 310.916138 308.757721 309.00119 309.249908 309.423584 309.493469 309.75943 310.495941 311.174072 311.411774 311.903168 312.496552 313.103394 312.538727 311.250519 309.522614 307.938477 304.045898 304.233551 308.112854 308.570312 308.875427 309.043793 308.789001 308.499298 308.209595 306.112518 305.243195 305.803589 304.56485 304.150055 303.626465
341.471802 341.772675 341.472809 340.961639 340.541168 340.047821 339.558502 339.036621 338.514709 337.975922 337.092133 336.181824 335.270386 334.050903 332.36026 330.344238 328.738403 327.078827 325.306335 323.560303 321.517181 319.130829 316.948364 314.21759 311.761383 310.094727 311.757507 312.345215 312.603149 312.887909 313.204498 313.523407 314.229675 314.839966 314.956055 315.372375 315.939636 315.8349 314.561401 313.282501 311.72757 310.011841 305.677429 305.678253 309.833618 310.578888 310.933014 311.261261 311.161163 310.668549 309.323822 307.100891 307.921265 307.456726 307.446899 307.251709 307.019287
341.187866 341.399567 340.59613 339.984222 339.715027 339.167786 338.685089 338.163208 337.641296 337.157776 336.652557 335.690521 334.763641 333.50531 331.802917 329.837311 327.165436 324.734558 323.009949 321.2276 318.478882 316.068695 314.458191 311.9935 311.604431 312.951111 314.544495 315.30188 315.882721 316.264374 316.678406 317.199219 317.868591 318.438873 318.518494 318.400818 318.46994 317.703613 316.455475 315.090515 313.630951 311.273834 306.646271 308.076752 311.436951 312.197235 312.850739 313.334564 313.298676 312.270691 310.297577 309.930908 309.502563 309.065857 309.304504 309.509857 309.650238
340.749268 339.754028 339.174377 338.607483 338.412384 338.217255 337.811676 337.368347 336.999908 336.631439 336.25238 335.229248 334.21817 332.986572 331.256165 329.25589 326.454102 323.683167 320.958344 318.563324 316.109406 314.771454 314.095032 313.508118 314.630554 315.976227 317.35675 318.298279 319.024628 319.531433 319.62439 320.054321 320.758789 321.43692 321.219238 320.980713 320.473846 319.570801 318.275116 316.898499 315.450592 311.380798 309.557587 311.546814 313.316467 314.077698 314.807037 314.807739 313.859589 312.918732 312.512604 311.881592 311.097137 310.312042 310.874817 311.733368 312.009308
339.787201 339.028503 338.043671 337.313751 337.184082 337.054443 337.065155 336.823883 336.473602 336.105133 335.736694 334.842621 333.805969 332.738495 330.990448 329.1922 326.026154 323.228546 319.89035 318.341675 317.917511 317.574921 317.105255 316.373993 318.29483 319.449615 320.298798 321.017609 321.884796 322.005646 321.543915 321.680908 322.747345 323.824554 323.787872 323.491455 322.631927 321.663025 320.112885 318.688049 315.603943 312.0737 313.996368 315.425568 315.567902 315.68399 316.012299 315.410034 314.732849 314.530975 314.453949 314.750702 313.929657 313.049194 313.877869 314.960052 314.87442
338.540436 338.259613 337.292084 336.765869 336.270325 336.051025 336.213867 336.057526 335.813721 335.568542 335.210388 334.455994 333.551941 332.511078 330.754791 329.017578 326.208893 323.031525 321.175873 321.098419 320.796387 320.673096 320.243469 318.459198 321.450287 322.26181 322.910034 323.550354 324.419373 324.318604 323.79834 323.308136 324.229492 325.444336 326.005768 325.715149 324.902161 323.68689 322.094299 319.329926 315.746368 316.23996 318.19696 318.432159 317.746918 317.669708 318.041534 317.240509 316.441986 316.743561 316.882721 317.368958 317.090118 316.361664 316.982697 318.162048 317.355286
337.484772 337.063232 336.642944 336.174683 335.68338 335.433044 335.346313 335.291168 335.047363 334.803558 334.595062 334.252625 333.298004 332.396545 330.710602 328.793488 326.414093 323.852692 323.480255 323.91568 323.638916 323.338318 322.951111 320.568237 323.588531 324.641632 325.50708 326.084045 326.183868 326.014252 325.78241 325.315552 325.546906 326.537445 327.381256 327.013123 326.227692 325.323608 322.709106 319.698151 317.949738 319.580139 320.691101 320.892548 320.722839 320.531128 320.007996 319.123138 318.376587 318.803131 319.219543 319.776093 320.190002 320.090088 320.412933 320.90451 320.134003
336.639252 336.169769 335.650482 335.141388 334.644531 334.424103 334.452728 334.720764 334.546844 334.388977 334.33963 334.163513 333.623322 332.657043 331.443817 329.5383 328.448303 326.098511 326.366425 326.708435 326.520905 326.118683 325.679108 323.333374 325.038422 326.75946 326.990295 327.21109 327.00415 326.751526 326.562378 326.731812 327.049988 327.921814 328.875122 328.256439 327.078094 324.650665 322.170532 319.973083 321.002106 321.750061 322.575439 323.342773 323.796814 323.058289 322.235016 321.610046 321.065552 321.382935 321.611938 322.019196 322.923309 323.203003 323.476959 323.753387 322.889099
335.44751 334.435822 334.126617 333.90448 333.405853 333.306335 333.199615 333.22049 334.248535 334.150116 334.133423 333.916046 333.634644 332.993988 332.102386 330.96228 330.14386 328.766693 329.142792 329.378601 329.505524 328.6073 327.572876 325.713287 325.862854 327.990631 328.229797 328.239746 327.84021 327.334015 327.235687 327.909546 328.637787 329.443359 329.801239 329.017029 326.718903 324.159454 321.955261 322.734283 322.963715 323.968414 325.001129 325.72464 326.520874 326.179016 325.623505 324.812958 323.866852 323.9133 324.073792 324.565308 325.684998 326.335907 326.614716 326.893494 325.946045
333.984192 332.259918 331.963745 332.363831 332.011536 331.724548 331.030243 331.608276 332.467621 332.998047 333.968628 333.756683 333.480774 333.235046 332.662109 332.257751 331.85553 331.079773 331.513733 331.903809 331.905487 330.816406 329.487244 327.466919 326.301636 328.129395 329.247467 329.082397 328.486572 327.088196 326.862518 327.622955 328.987885 330.009949 330.167358 328.776825 326.343475 324.283386 324.663055 324.770355 325.805847 326.436462 327.426788 328.150574 329.023804 328.970917 328.536591 327.815277 326.808868 326.749084 326.863892 327.28598 328.538177 329.489197 329.745087 329.916962 329.115753
332.602692 331.059113 329.712097 330.558075 329.83844 329.25943 328.305481 329.735626 331.713867 332.379425 333.009125 333.591003 333.607208 333.598694 333.180634 332.945587 332.596497 332.510529 332.752075 332.970581 333.138824 331.980835 330.729553 329.363708 327.788971 328.48175 329.390839 329.323669 328.344269 326.879578 326.505859 327.517883 328.993134 330.400238 330.180878 328.768677 326.504639 326.238464 326.447845 327.658386 328.690033 329.332733 329.792603 330.64386 331.526733 331.765991 331.389282 331.080627 330.177673 330.000275 329.900513 330.298035 331.47876 332.334564 332.498627 332.476227 331.796692
330.657532 329.747955 327.548096 328.583862 327.601898 326.443146 326.237976 328.649597 330.746002 331.799622 332.666046 333.26062 333.734283 333.858521 333.865631 333.623596 333.35672 333.231323 333.424103 333.629272 333.918854 332.768677 331.241638 329.632294 328.313019 328.107208 328.987091 329.484009 328.757996 327.747162 327.025177 327.817017 329.196625 330.575714 330.06012 328.767548 327.7612 327.632111 328.965454 330.312531 331.577332 332.152161 332.381561 332.90686 333.838928 334.407715 334.219788 334.011719 333.837524 333.768036 333.672028 333.813171 334.746674 335.11026 335.251404 334.985046 334.305511
328.96756 328.462341 326.616394 325.905334 325.730042 323.989288 325.108765 328.20462 330.173431 331.552765 332.678162 333.447266 333.937073 334.296509 334.334351 334.258453 333.883026 333.632019 333.877289 334.156342 334.470215 333.241516 331.54953 329.786835 328.78653 328.435059 329.263397 329.86438 329.926544 329.420807 328.6073 328.491364 329.975677 330.834564 330.543884 329.413208 328.603729 329.66452 330.95874 332.155762 333.288147 334.041718 334.571869 335.018066 335.372131 336.10379 336.597565 336.389496 336.454163 336.899536 337.34491 337.571533 337.78418 337.899536 338.032867 337.561462 336.895569
327.609222 326.684357 325.566864 323.409454 323.611359 321.859222 325.32489 328.011566 329.872253 331.356232 332.599915 333.561951 334.245605 334.570801 334.959167 334.576721 334.053467 334.030823 334.268768 334.548004 334.706299 333.437439 331.859406 330.199219 329.450043 329.197754 329.816498 330.431335 330.856232 331.129028 330.533203 330.788971 331.627991 332.11795 331.415619 330.013977 330.344147 331.385529 332.670135 333.833496 334.872528 335.702393 336.148956 336.635376 336.968994 337.779602 338.548584 338.767273 339.050751 339.488586 339.838135 340.315399 340.574982 340.688843 340.543701 340.128784 339.513367
325.502136 325.038086 324.270752 320.958374 320.170715 322.161469 325.477631 327.878113 329.714844 331.182739 332.527649 333.251129 333.97876 334.622314 334.896149 334.671417 334.236328 334.295471 334.629761 334.896545 334.991119 333.753967 332.286957 330.638702 329.733429 329.683136 330.5224 331.333893 331.890167 332.141998 332.472687 332.756836 333.307678 333.824738 332.840393 331.783386 332.291565 332.853943 334.172577 335.586914 336.553741 336.868378 336.447754 336.979614 338.300659 339.385773 340.10495 340.985016 341.49057 341.837677 342.291382 342.839691 343.18631 343.43335 342.829163 342.130707 341.099915
323.764862 322.998383 321.405487 319.558777 319.158661 322.284607 325.431183 327.775482 329.562286 331.032257 332.142273 332.993042 333.720856 334.425476 334.547699 334.490051 334.42868 334.769989 335.281219 335.563385 335.487915 334.356232 333.013184 331.42511 330.521729 330.80899 331.220398 331.86322 333.027008 333.524353 333.942505 334.337067 334.711639 334.978943 334.100708 333.303162 333.227814 334.091675 335.133392 336.388763 336.703552 336.367798 336.06842 337.296906 339.031982 340.808228 341.734802 342.577209 343.57901 344.184296 344.627777 344.748474 344.750061 344.629761 343.675232 342.65564 341.423126
321.395538 319.850098 318.586456 318.550385 321.443542 323.167297 324.365356 327.226685 329.187317 330.735474 331.653229 332.665955 333.447632 334.230225 334.2966 334.098816 334.507172 334.949005 335.408295 336.107849 335.819336 335.188843 333.609894 331.911224 331.486816 331.941284 332.326874 332.726257 333.907318 334.066559 334.424622 335.126465 335.569763 335.733185 334.948822 333.780029 333.627655 333.8862 334.179779 335.232086 336.315277 336.410095 336.798431 338.158783 340.029907 341.790314 343.402954 344.178467 345.18576 345.454559 345.864685 346.167664 345.723907 344.88028 344.218964 343.042938 341.604187
318.898987 317.43161 316.59729 319.659027 322.914734 325.022552 326.104492 326.682373 328.178345 330.288879 331.093292 332.120148 333.168823 333.854034 333.83078 333.872986 334.088257 333.805817 334.469513 335.672638 336.186584 335.350433 334.085968 332.599854 331.979492 332.251587 332.683258 332.74881 332.975494 333.714386 334.492462 335.210815 335.463867 335.432495 334.414398 333.377136 332.689789 332.073029 332.040344 333.990265 335.6633 336.5065 337.733429 338.96228 340.83847 342.824341 344.511719 345.311096 345.949677 346.533386 346.769989 346.578247 346.071289 345.394684 344.025238 342.464172 341.473969
316.707855 315.32132 317.627991 320.929047 323.758118 326.169861 327.893372 328.43576 328.994781 330.470367 331.45343 332.400635 332.899719 333.151703 333.129395 333.152466 332.597748 332.052094 332.991821 334.345428 335.386169 335.297089 334.072449 332.995789 332.26355 331.608704 331.449219 331.580109 331.847504 332.475708 333.585388 334.496643 334.854309 334.592651 333.674652 332.266479 330.57312 329.658722 329.94397 332.518066 334.878143 336.549255 338.079651 339.478882 341.104034 343.058441 344.792847 346.021912 346.755249 346.927338 346.742645 346.547699 346.310883 345.589508 344.175537 342.783722 341.303284
314.579132 315.871307 318.452209 321.540192 324.165649 326.779724 328.17276 329.013153 329.58551 330.657898 331.544586 332.023712 332.028595 332.050934 331.755035 331.337311 330.882935 330.44043 331.41275 332.51886 333.412048 333.345612 333.256805 333.231293 332.331451 331.539307 330.735291 330.393799 330.332611 331.007355 332.37619 333.475891 333.747467 333.282532 332.557526 331.018616 329.189453 327.406464 329.304657 331.809753 333.177338 335.102448 337.970917 339.860016 341.381134 343.159668 344.847504 345.506683 345.805206 346.007935 345.989899 345.713013 345.310394 344.756836 343.781342 342.829865 341.557739
314.690704 316.726837 319.232086 321.853241 324.365356 326.731018 328.136261 328.82486 329.400757 330.500183 330.972076 330.80661 330.598114 330.413391 330.031921 329.6297 329.267029 328.876373 329.150299 330.237732 330.784119 330.867493 332.508484 333.04245 332.758392 331.697998 329.736908 329.141357 329.26123 330.107361 331.449982 332.221252 332.385803 331.914368 331.053864 329.054138 326.993896 325.690582 327.797028 329.3479 331.280579 333.963318 337.802094 339.982391 341.987701 342.922363 344.137207 344.601318 345.018341 345.104065 344.973572 344.52771 344.183685 343.673584 342.900452 341.948853 341.070801
315.209717 317.299988 319.456451 321.760101 324.261108 326.360779 327.256348 328.208801 328.953125 329.26181 329.707703 329.838104 329.142426 328.777435 328.400299 328.082703 327.702087 327.312286 327.33493 327.321381 328.145538 329.689178 331.586609 332.764252 332.812225 331.881897 329.974274 329.082153 329.659241 330.208801 331.138947 330.971375 330.999786 330.361816 329.051483 327.227295 325.056641 324.10022 325.602966 327.739532 330.8302 334.280365 337.598969 340.306244 342.017578 342.709991 343.700409 344.181854 344.280029 344.12027 343.693024 343.333679 343.047577 342.593384 342.09259 341.086304 340.13092
