tools/contrib/meshing/sample.arc
north: 1.8239299570389953e+05
south: 1.8164250000000000e+05
east: 7.5525689123385516e+05
west: 7.5435638649746997e+05
rows: 76
cols: 91
[rows 25 to 49 of 76, columns 0 to 56 of 91]
337.293945 336.510315 336.179932 334.64505 332.436951 330.106964 327.647675 325.302216 323.461304 320.933258 317.882904 321.280548 323.731628 324.334778 324.433044 323.720459 322.996033 322.271606 321.547058 320.809021 319.773193 318.826019 318.182556 319.663452 321.170319 322.762909 324.343567 325.212402 325.343292 327.496826 330.078979 333.044769 335.161133 336.845398 337.918121 338.203247 338.819214 337.687958 335.914459 333.90567 332.451172 330.524048 327.811066 325.357025 325.445923 327.114624 328.789886 329.336823 329.834869 330.037598 329.421967 328.894135 328.446747 327.999207 325.149231 321.916687 318.94931
339.051819 338.443024 338.023041 336.650238 334.527832 333.036835 330.95401 328.639221 326.783356 323.878906 320.655243 324.15625 327.486023 327.81955 327.768341 327.069519 326.453827 325.838135 325.222443 324.418884 323.462219 322.066437 321.226746 322.365509 323.68222 324.803589 325.838562 326.543457 326.306091 328.64209 330.598267 333.373657 335.64447 337.491119 338.669617 339.046875 338.907684 337.794067 336.091949 334.454681 332.854187 330.955231 328.547211 325.229858 322.875977 324.492584 326.241272 327.325928 328.036591 328.449493 328.179474 327.732117 327.28476 326.765503 324.281097 319.89621 315.354736
340.326569 339.655121 339.13504 338.569092 336.683167 335.114929 333.636719 331.973694 330.106628 327.164673 323.791382 327.235687 330.655304 331.154907 331.146667 330.359467 329.690918 329.075226 328.425781 327.459198 326.444 324.842224 324.455811 325.514038 326.646912 327.077271 327.478668 328.468079 328.158997 329.592834 331.283295 333.697723 335.722198 337.194977 338.387329 338.839935 338.298309 337.525604 336.009735 334.40387 332.720825 330.670715 327.742798 324.607483 320.769897 322.41803 323.665894 324.984772 325.824951 326.656677 327.00116 326.568176 326.069885 325.047882 323.102722 318.820251 314.57547
341.601288 340.892975 340.371948 339.699219 338.58078 337.202667 335.845123 334.550781 333.122314 330.534241 327.207489 330.571289 333.797485 334.349976 334.524994 333.737793 332.950592 332.312286 331.4888 330.526398 328.911957 327.187622 327.19458 328.326996 328.957336 329.264099 329.570831 329.772552 329.44455 330.561462 331.992706 334.108917 335.618835 337.347443 337.944183 338.211151 337.657837 336.644409 335.189148 333.640198 332.135498 329.854065 326.750275 323.874359 320.858337 319.883514 321.090515 322.420532 323.492249 324.325012 325.54068 325.160126 324.533539 323.240814 322.035675 318.280731 314.02298
342.531158 341.985535 341.353973 340.284119 339.113678 338.459534 338.010437 337.335175 336.093384 333.407562 331.253326 334.500519 336.537292 337.061523 337.05603 336.528198 336.005463 335.375092 334.176422 332.782928 331.009552 329.193115 329.368103 330.640503 331.355988 331.475311 331.594482 331.66864 331.210815 331.339722 332.796936 334.263031 335.788483 337.080078 337.56958 337.510712 336.955505 335.638214 334.335114 332.873016 331.372467 329.821259 326.879974 323.796936 321.209351 318.208313 318.515137 319.845154 321.156128 322.252167 323.639069 323.705902 323.240723 321.947998 320.316315 316.732605 313.272766
342.710114 342.127441 341.531708 340.228699 339.603333 338.809448 339.536224 340.061859 338.87149 336.764465 335.566742 338.133392 339.238007 339.589539 339.391296 338.836487 338.234894 337.501862 336.136353 334.341278 332.502136 330.756561 330.443634 332.068604 333.178009 333.329254 333.478821 333.638153 333.279266 332.491089 333.430298 334.956635 335.802551 336.312347 336.871979 336.479095 335.789581 334.629089 333.379669 332.084961 330.542938 329.000946 327.10733 324.166809 321.983612 318.87793 315.391235 316.660919 318.215515 320.355133 321.656281 322.161224 321.88623 320.313202 318.738251 315.498901 312.196075
342.748383 342.278412 341.360352 340.526581 340.196777 340.51355 341.408966 340.442749 340.210388 338.262848 338.847137 340.738647 341.042633 341.008179 340.749084 340.41864 340.060669 339.598419 338.191437 336.350891 334.260895 332.573425 332.63269 333.908203 334.892212 334.957489 335.174835 335.38501 335.462982 335.048309 334.966644 335.186798 335.448029 335.758911 335.718262 335.137421 334.558105 333.793091 332.610779 331.288147 329.746155 328.461761 326.828247 324.775055 322.500061 319.297913 315.763885 313.325714 315.049042 317.371429 319.693817 320.877899 320.725861 319.566223 318.157074 314.449646 310.984039
343.050751 342.298187 342.013 341.52771 341.719452 342.205505 342.303192 341.690887 340.820221 340.25766 341.37735 342.029999 342.041626 341.956207 341.763794 341.439606 340.927704 340.181274 339.345795 338.080811 336.593842 335.101471 335.472626 336.335419 337.096832 336.248383 336.586792 336.714203 336.350586 335.936188 335.332947 334.7005 334.838074 334.970642 334.658905 334.080994 333.439911 332.719879 331.682922 330.48407 329.239716 328.206909 326.623505 324.967529 322.70282 319.585205 316.11084 312.717316 311.830414 313.996155 316.955383 319.69046 319.64212 318.405457 316.171844 312.906799 309.683136
343.280731 342.788696 342.671295 342.66449 342.987213 343.063049 342.931213 342.474701 342.236267 342.475098 342.605652 342.726166 342.736847 342.850098 342.817017 342.463623 341.695709 340.772064 339.775574 338.624207 337.517853 337.011017 337.540863 337.603943 338.153748 338.113983 337.581879 336.913605 336.346466 335.593201 334.941772 334.474396 334.142242 333.716339 333.449738 333.008545 332.314697 331.69046 330.672638 329.720123 328.834808 327.883942 326.457123 324.86554 322.462402 319.588196 315.916595 311.799408 308.478455 311.891998 315.291138 318.402252 318.389526 316.795074 314.513885 311.370178 308.305878
343.393372 343.286774 343.348206 343.524139 343.768585 343.750732 343.537292 343.183105 342.992859 343.04425 343.290833 343.348389 343.037262 342.869385 342.840302 342.693878 342.347046 341.671234 340.281342 339.175262 338.612762 338.366486 338.571991 338.908173 338.856323 338.158997 337.540009 336.585114 335.497742 334.152588 333.299835 332.874542 332.452606 332.0867 331.993866 331.8573 331.365845 330.885559 329.827332 329.028229 328.215698 327.214417 325.943878 324.040497 321.678894 318.527374 314.324738 310.156097 307.007446 310.553528 313.788635 316.285645 316.97168 315.384521 312.789551 309.885376 307.135895
343.665894 343.763397 343.97229 344.27533 344.212799 343.754425 343.356323 343.177063 343.088348 343.022186 343.207428 342.977936 342.724182 342.5466 342.548981 342.811951 342.611084 341.721252 340.788605 339.811157 339.213623 339.331726 339.646698 339.575836 338.815582 337.820007 337.054108 335.379822 334.168274 332.570557 331.538391 331.138062 330.737732 330.50885 330.375275 330.241699 330.073669 329.388977 328.657623 327.893372 327.160156 326.027924 324.487366 322.673309 320.30835 317.384979 313.397125 309.194489 304.424591 307.82843 310.765472 313.755219 315.173065 314.096558 311.406799 308.726074 306.42627
343.388519 343.636108 343.868073 343.77951 343.333221 342.767853 342.340393 342.48175 342.683807 342.883118 343.034607 342.482513 341.774109 341.655426 342.119659 343.011017 342.794495 342.122223 341.365479 340.791046 340.075256 340.226593 340.08725 339.260742 338.414307 337.441284 335.811066 334.198273 332.694061 331.096313 329.776947 329.376617 328.869537 328.834961 328.703796 328.572601 328.401123 328.109741 327.379913 326.525299 325.682465 324.456482 323.009888 321.209198 318.867004 315.986053 312.176025 308.369324 304.171936 304.692017 308.218994 311.745972 313.313202 312.302338 310.749054 308.331116 306.118225
342.851898 342.99704 342.799622 342.132721 341.805206 341.429688 341.226593 341.577545 341.992249 342.943512 342.849304 341.893036 340.801636 340.787109 341.761719 342.526276 342.800781 342.381226 341.78476 341.307922 340.7146 339.997467 339.497528 338.772797 337.899017 335.927734 334.281097 332.666473 331.13559 329.597443 328.034637 327.441528 326.877533 327.062073 327.020996 326.866058 326.643585 326.396057 326.097809 325.141388 324.05481 322.79245 321.453156 319.466766 317.18869 314.310547 310.256256 305.941315 303.146301 301.905243 305.821228 309.729675 311.066986 310.30368 308.958679 307.19458 304.842773
341.337646 341.129211 340.714752 340.181915 340.02298 339.871887 340.083008 340.527344 341.355377 342.128937 342.145691 341.07254 340.586029 340.8703 341.054413 342.260803 342.516205 342.521606 341.772217 340.893311 340.15567 339.438721 338.86438 337.749054 336.261871 334.353851 332.5289 330.918945 329.417694 327.781891 325.602997 324.550781 324.72464 325.071533 325.330841 325.108521 324.886047 324.596985 324.061157 323.521179 322.399506 321.134735 319.869446 317.481476 314.969727 312.385803 308.242371 303.827454 300.141052 300.332489 304.229614 308.281586 308.944183 308.269165 307.096771 305.568054 303.021606
338.970551 338.750122 338.529694 338.342041 338.101105 337.860138 338.561829 339.245911 340.173859 341.158722 341.462494 340.777527 340.659332 340.775757 341.222656 342.413544 342.764496 342.250519 341.395508 340.508545 339.643585 338.456787 337.151367 336.044281 334.607635 332.804596 330.803802 329.2005 327.533112 325.80072 323.590607 321.908295 322.059509 322.383392 322.880859 323.205414 322.950928 322.507812 321.971771 321.453583 320.846863 319.663208 318.234589 316.093994 313.529327 310.228607 306.213196 301.776337 297.220703 300.247925 303.690796 306.636047 307.025085 306.280396 305.095123 303.638245 301.115448
336.5914 336.272583 335.953644 335.907257 336.072723 335.881439 336.49646 338.251831 339.882507 340.767426 341.369995 340.961761 340.674194 340.943176 341.753784 342.783081 342.927094 341.897827 340.976776 340.116882 338.762543 337.29306 335.868256 334.441711 332.95343 331.257996 329.169647 327.222687 325.621521 323.674438 321.284241 318.837463 319.307159 319.821594 320.325165 320.514099 320.493317 320.420715 319.913849 319.402039 318.770874 318.07843 316.584259 314.724335 312.479523 308.793396 304.316223 299.760956 295.932129 299.151093 302.495087 304.546173 305.042511 304.270996 302.822906 301.072388 299.087799
333.970215 333.651306 333.48526 333.482727 333.466278 335.243347 336.62677 338.574219 340.280151 341.239044 341.862061 341.849854 341.874786 342.402008 342.964722 343.156189 342.712219 341.767731 340.730377 339.279724 337.720703 336.237427 334.787872 333.241913 331.472015 329.186371 326.426575 323.921936 322.590088 320.882233 318.601685 315.815399 314.994965 316.217285 317.321228 317.475739 317.355743 317.685944 317.57608 317.15451 316.480408 315.700226 314.888885 313.252441 311.188629 307.713745 303.651611 299.839172 295.822418 296.37735 299.837891 302.224487 302.519104 301.895477 300.25705 298.506531 296.756042
330.800659 331.032867 331.89502 333.26825 334.75528 336.747314 337.786591 339.037079 340.829346 341.940399 342.378387 342.97818 343.255493 343.21933 343.185028 343.180176 342.229431 341.26886 340.117645 338.460663 336.869873 335.280884 333.712341 332.050049 330.43219 328.294434 325.84491 322.29364 319.892029 318.25354 316.215393 313.855438 311.641632 312.411774 312.803925 313.883911 314.146057 314.713348 314.538208 313.991058 313.468597 312.923401 312.327301 311.148865 309.402618 306.508728 302.840515 299.142273 295.391815 294.274231 297.931366 299.738953 299.753937 298.798798 297.184723 295.593445 294.002197
332.078979 332.81131 334.182098 335.537079 336.647552 337.93634 338.975616 340.014862 341.426727 342.147369 343.116272 343.298065 343.206146 343.164185 343.134918 342.512299 341.58963 340.630402 339.187256 337.667847 336.049011 334.461243 332.888733 331.375031 329.82959 328.484528 326.550079 323.975433 322.723877 321.150116 319.152191 316.873871 314.116089 311.060455 308.350647 309.248779 310.372955 311.481049 311.216003 310.830261 310.292969 309.660736 309.048096 308.198273 306.912872 305.004974 302.252289 298.670532 295.358582 292.438477 295.650421 296.988373 296.832733 295.68692 294.065216 292.475739 291.32196
334.611816 335.335907 336.469177 337.808075 338.69989 339.291016 340.01593 340.958527 341.54657 342.522064 343.5336 343.504761 343.13269 343.099945 342.715485 341.812256 340.853119 339.648407 338.205383 336.76239 335.238892 333.666504 332.094147 330.567352 329.516357 328.476135 327.159637 325.858887 324.658325 322.843689 320.869385 318.576996 316.017059 312.991394 309.597107 306.225616 306.274384 307.924438 307.69516 307.520599 307.031067 306.398071 305.768921 304.798676 303.793152 302.562653 300.400269 298.161835 295.156158 291.614655 293.410675 293.879669 293.708862 292.394226 291.033875 290.14328 289.041687
337.112 337.866852 338.920898 339.883728 340.282043 340.899811 341.518097 341.551727 342.049347 342.930786 343.659973 343.416748 343.144867 342.740936 342.035065 341.070709 339.978638 338.658142 337.215149 335.933624 334.487427 332.878174 331.29953 329.77533 329.024353 327.899841 326.761108 325.829041 324.604828 323.100189 321.269623 318.980713 316.607605 314.02832 310.577087 306.461761 302.82428 304.301239 304.298248 304.319519 303.98175 303.255219 302.528687 301.652222 300.724426 299.543396 297.492798 295.107788 293.218536 291.226532 290.645935 290.670197 290.538757 289.539673 288.14035 287.334534 287.441315
338.612 339.386963 340.203308 340.985138 341.33783 341.951294 342.332275 342.300873 342.746368 343.218628 343.219879 343.029968 342.693512 342.024353 341.254456 340.196228 339.100555 337.667908 336.406403 335.184143 333.825317 332.12439 330.530701 328.941101 328.13031 327.207794 326.049591 325.132324 324.005737 322.540161 320.688049 318.570557 316.450317 313.551514 310.451416 306.470825 302.640564 301.646759 301.358856 301.119781 300.943359 300.322052 299.689362 298.772125 297.82547 296.378296 294.545074 291.448059 290.085632 289.308228 288.55069 287.871948 286.871704 286.617035 285.875977 285.388489 285.101379
339.183716 339.948364 340.912567 341.687988 342.331818 342.952972 343.114197 343.2995 343.303101 343.202637 342.917114 342.473633 341.960968 341.152405 340.231934 339.310242 338.121094 336.87915 335.656891 334.434631 333.163208 331.448273 329.776917 327.213165 325.211243 324.156769 323.731689 322.89502 321.788086 320.193878 318.235657 316.301727 314.339569 311.604919 308.836212 305.887817 302.295288 300.107239 299.35907 299.125885 298.455322 297.695587 296.816803 295.91333 294.738922 294.150238 292.067322 291.291534 291.788269 290.856628 289.276031 287.840363 287.329407 287.114319 286.983337 285.927307 285.076782
339.438507 340.524292 341.500244 342.322357 343.091003 343.396362 343.5 343.5 343.412201 342.900818 342.389404 341.878601 341.041107 340.130524 339.209961 338.34845 337.28537 336.084961 334.884552 333.681763 332.462891 330.660797 328.68512 326.081726 322.556671 320.906555 319.803558 319.080872 318.381348 317.060455 315.116913 312.947296 310.66391 307.999725 305.421204 303.383087 300.874756 299.436432 297.75589 297.136597 296.352661 295.687286 294.819977 293.528961 292.887756 292.703308 292.75238 293.728363 293.97171 293.854004 292.906738 292.297302 291.555939 289.976807 290.307892 288.588379 287.852142
339.988098 340.8573 341.699524 342.642944 343.492889 343.827209 343.438232 342.944763 342.449829 341.945221 341.380219 340.75589 340.081909 339.230621 338.379028 337.405945 336.328003 335.173798 333.973389 332.77298 331.582001 329.48587 327.491638 324.895691 321.476959 317.652679 315.964172 315.264618 314.602966 313.800507 311.501495 309.216583 306.933228 304.399567 302.21579 300.721588 299.177643 298.148499 298.316437 298.179352 297.873169 296.457214 294.975128 294.662292 295.02594 295.746552 296.274475 296.676117 297.077728 297.476044 297.072937 296.723755 295.830078 293.729095 294.616211 294.056061 293.39859
