tools/contrib/meshing/sample.arc
north: 1.8239299570389953e+05
south: 1.8164250000000000e+05
east: 7.5525689123385516e+05
west: 7.5435638649746997e+05
rows: 76
cols: 91
[rows 0 to 24 of 76, columns 0 to 56 of 91]
285.056305 284.841156 284.864838 286.634094 288.671356 290.7005 292.729004 294.692047 297.081726 300.103363 303.135193 306.172028 309.251312 312.41803 315.478821 317.756836 321.084991 323.316803 324.777161 326.194611 327.659821 329.535767 330.849213 331.272949 332.22467 332.69046 333.365051 333.817993 334.879883 336.592621 338.263031 339.709595 341.021576 341.934204 343.194061 344.299774 344.465393 344.19339 343.97699 343.722565 343.222961 342.229431 341.272186 340.660553 340.162964 339.938812 339.895569 339.666473 341.129944 341.621124 339.730865 337.784851 335.779266 334.816803 334.977386 334.715393 334.615417
284.751007 285.457001 286.760773 288.710754 290.951904 293.251343 295.550751 297.648712 299.828766 302.85968 305.896515 308.933319 311.985809 315.152496 317.453064 319.630615 323.095612 324.571198 326.030884 327.456177 329.278442 331.118134 332.946503 333.704681 334.678741 335.139618 336.106812 337.060303 338.142609 339.644623 341.092773 343.300171 344.486145 345.195679 345.585663 345.765228 345.939117 345.877075 345.725189 345.556335 345.240845 344.698944 344.006622 343.284393 342.54129 342.136261 342.315918 342.254364 341.975464 341.968292 340.647675 339.103516 337.755951 337.400452 337.488434 337.419189 337.590759
285.888855 287.358521 288.674622 290.826691 292.941528 295.240936 297.540344 299.839752 302.444397 305.527222 308.621277 311.694611 314.731415 317.249725 319.427307 321.598358 324.081665 325.678925 327.167603 329.025543 330.863617 332.68515 334.50769 336.026581 337.039642 337.552216 338.571747 339.313538 340.239532 341.938446 343.658051 345.258545 346.03064 346.326965 346.763641 347.209839 347.279358 347.200562 347.16687 347.098053 346.654053 346.037384 345.578644 344.865814 344.239868 343.547607 343.275696 343.188385 343.077515 342.616425 342.010437 340.737183 340.255524 340.142334 340.052612 340.039459 340.026337
287.375641 288.756287 290.463928 292.880127 294.931122 297.23056 299.529968 302.051941 304.948273 307.977356 311.071442 314.165497 316.596252 318.74823 320.759338 322.826721 324.973602 326.844971 328.74527 330.645569 332.531403 334.352905 336.199127 337.982178 338.921844 339.737396 340.328217 341.017273 341.979095 343.164185 344.801178 345.657318 346.32193 346.868988 347.706635 348.145782 348.274658 348.326691 348.326996 348.197235 348.049591 347.3526 346.728058 345.910553 345.263245 344.467468 344.123505 343.979523 343.814056 343.389771 342.922913 342.702881 342.378906 342.012329 341.730225 341.921204 341.957825
289.082977 290.410583 292.253265 294.669434 297.009766 299.220154 301.659607 304.555939 307.452271 310.427521 313.521576 315.785339 317.964172 320.186523 322.233795 324.213898 326.186188 328.160004 330.172821 332.185638 334.165894 336.025238 337.81897 339.498108 340.42514 341.120026 341.610352 342.147888 343.072876 344.444275 345.061462 345.551849 346.140747 346.583435 348.041229 348.907471 349.288696 349.423676 349.315491 349.045258 348.560364 347.864899 347.147034 346.243011 345.43811 344.875122 344.50769 344.139801 344.267761 344.011414 343.874542 343.657196 343.634583 343.68924 343.522583 343.430817 343.556793
290.218506 291.820801 293.992371 296.348938 298.863556 301.267303 304.163635 307.059967 309.956299 312.820129 314.977173 317.128052 319.334229 321.393219 323.35556 325.328125 327.277222 329.232697 331.245514 333.258331 335.074951 337.043152 339.047058 340.205994 340.937988 341.834808 342.558228 343.019073 343.405396 344.240692 344.862701 344.924072 345.4841 347.235291 348.984131 349.807098 350.005951 349.971619 349.75946 349.330597 348.694305 348.029846 347.331787 346.571289 345.711212 345.101379 344.852875 344.753357 344.834778 344.839172 344.734131 344.635162 344.623352 344.636353 344.661133 344.603729 344.225647
291.012207 292.80542 295.660583 298.018738 300.397522 302.708679 306.177795 309.048096 311.918427 314.38443 316.656067 318.64743 320.495941 322.494598 324.470062 326.419159 328.368286 330.317383 332.21582 333.988647 335.76297 337.808838 339.33194 340.359161 341.310883 341.792877 342.157196 342.693085 343.197235 343.831573 344.224762 344.559174 345.622803 347.909698 349.625305 350.326019 350.456116 350.169373 349.733826 349.441498 348.742584 347.992401 347.092621 346.623444 346.182251 345.76416 345.43869 345.530945 345.550323 345.614685 345.630096 345.515442 345.398102 345.331268 345.303894 344.982239 344.580902
291.568176 293.495789 295.840759 298.695892 301.495636 303.504578 307.23526 310.938141 313.570099 315.927917 318.028931 319.995117 321.79248 323.745117 325.49469 327.427063 329.371246 331.17984 332.795563 334.625031 336.375336 337.920624 339.391357 340.295197 340.791565 341.203979 341.514313 342.026093 342.564758 343.097076 343.729156 344.892731 345.907806 348.055939 349.998596 350.293945 350.266846 349.993225 349.328369 349.153259 348.654968 347.700745 346.869598 346.529572 346.225433 346.034729 346.269867 346.256348 346.357452 346.411621 346.25 346.195587 346.082703 345.91333 345.602997 345.171814 344.221741
292.028198 293.692444 295.926117 298.59137 301.271057 304.05011 307.88623 311.550049 314.597961 316.938232 318.946198 321.380768 323.136871 325.062408 326.835297 328.403564 330.22644 331.869904 333.283234 335.069916 336.298828 337.872406 339.21048 339.666351 340.125366 340.44635 340.726105 341.163147 341.869629 343.070618 343.56189 344.803375 346.080841 347.880066 348.628418 349.215332 349.144958 348.82431 348.387726 348.160522 347.699982 347.192657 346.776794 346.364807 346.247345 346.445251 346.944305 347.041077 347.167877 347.014282 346.836456 346.809326 346.649841 346.459412 345.83725 345.047607 344.094421
292.299164 293.337463 295.503662 297.83847 300.518188 303.890991 307.711517 311.701385 314.502411 317.178467 319.625793 322.367279 323.964417 325.726196 327.334656 329.002472 330.836823 332.119476 333.515503 335.368774 336.379181 337.571594 338.489105 338.795471 339.197174 339.511414 339.639648 340.211121 341.162598 342.764771 343.880829 344.767334 345.973389 346.405823 347.080048 347.570892 347.670715 347.392578 347.164948 346.999573 346.552704 345.890198 345.676331 345.67981 346.17099 346.908966 347.645264 347.721191 347.926514 347.780548 347.47934 347.301697 346.991577 346.355652 345.639709 344.901154 343.637024
293.023895 293.30191 295.090942 297.173431 299.91568 303.731873 307.548065 311.188446 314.047119 316.906464 319.776093 322.664612 324.204376 325.991058 327.649323 329.458954 331.024628 332.31311 333.789124 335.296814 336.124237 336.950043 337.773651 338.080017 338.410858 338.394379 338.434662 338.841248 340.707214 342.289551 343.578369 344.17511 344.471954 344.84491 345.356201 345.854004 346.030762 345.867401 345.726654 345.632111 345.1586 344.718872 344.58252 344.805115 345.34082 346.890106 347.733185 348.533966 348.674316 348.363495 348.052032 347.617004 347.134003 346.317261 345.466614 344.37854 343.127838
293.346466 293.763275 294.859161 296.742584 299.193665 302.625641 306.159668 309.506714 312.668457 316.048798 319.19455 322.036072 324.121826 325.906708 327.648468 329.328705 330.872711 332.131317 333.2005 334.11322 335.031128 336.099854 337.000397 337.506836 337.450226 336.663696 337.669891 338.996918 340.485474 341.854034 342.195648 342.555908 342.945099 343.233002 343.516174 343.954163 344.396667 344.36377 344.288361 344.212982 343.613403 342.807434 342.275818 343.237396 344.532715 346.060455 347.636627 348.673523 349.148071 348.686218 347.811279 347.475952 346.717651 345.80838 344.731049 343.733154 342.621155
293.90451 294.400391 294.569916 296.041351 298.300079 301.460022 304.595123 307.977295 311.449097 314.910553 318.360474 321.118927 323.726654 325.638611 327.431549 328.938446 330.303619 331.387634 332.338379 332.871674 333.599518 334.616547 335.592316 335.578522 334.275696 336.046387 337.867981 339.25531 340.301514 340.695648 341.056793 341.30658 341.055054 340.642334 340.697815 341.904327 342.523499 342.783203 342.413116 341.895386 341.290955 340.695892 340.06308 341.257385 342.886963 344.829956 347.05191 348.519714 348.708221 348.211487 347.459534 346.988495 345.622742 344.456421 343.674042 342.871277 341.970917
294.489594 294.925995 294.993164 295.089569 297.120026 300.24234 303.278198 306.611603 310.095062 313.43985 316.700867 319.658813 322.589233 324.815125 326.393768 327.956757 329.343231 330.330841 331.044861 331.619598 332.22113 332.918518 332.264465 331.055389 333.125916 336.51532 338.001373 338.791382 339.31015 339.664764 339.375763 339.049316 338.350189 337.300995 338.776093 340.180511 340.884796 341.141541 340.53717 339.620728 338.615448 338.410706 338.254181 339.397003 341.649902 344.198059 346.462646 347.715424 347.789032 347.208221 346.562866 345.349823 344.073364 342.796661 342.034454 341.347778 340.58548
296.920593 295.886292 295.559967 295.68576 295.656494 298.634125 301.759094 305.009583 308.298798 311.588165 314.749573 317.70752 320.690247 323.588928 325.093811 326.696808 328.072418 328.660034 329.365631 329.658325 328.840332 328.431244 327.808289 329.935211 334.137604 336.013092 337.099304 337.532318 338.000671 337.785492 337.373108 336.471222 335.305542 334.448059 336.770966 338.423615 339.216003 339.264648 338.25882 337.209351 335.90567 335.769958 336.518341 338.664276 341.298248 343.686127 346.005615 346.743744 346.388 345.876495 344.903595 343.67865 342.415192 341.148285 340.397278 339.72345 339.025269
301.784973 300.632111 298.80661 296.839325 296.535767 296.749268 300.052216 303.274017 306.495819 309.736511 312.81015 315.806702 318.803253 321.591461 323.616211 325.480713 326.660645 327.188812 326.975677 325.876404 324.53064 323.886505 326.556732 331.06662 333.278137 334.548584 335.345947 335.547882 335.375061 335.024963 334.406952 333.125488 331.828369 332.249481 334.804108 336.327087 337.433594 337.307831 336.046539 334.547729 333.246185 333.99649 336.56601 339.160919 341.608551 343.728302 345.18869 345.492188 345.078094 344.315826 343.199677 341.914093 340.622589 339.214355 338.142487 337.429718 337.409302
306.815338 304.8909 302.659698 300.609253 298.779205 296.997437 298.282928 301.475037 304.667145 307.536774 310.2901 313.438416 316.586761 319.348114 321.350403 323.19043 324.074158 324.715637 322.995331 322.134827 320.764038 323.628815 327.380981 330.35611 332.084473 332.988281 333.271851 332.931152 332.364227 331.514282 331.092194 330.071381 328.607422 329.983978 332.426422 333.832306 334.084442 333.321167 332.704346 331.837158 332.557434 334.66214 337.225128 339.575195 341.784729 343.599579 343.726746 343.80368 343.422607 342.500885 341.392944 340.141174 338.771637 337.180817 335.834198 335.469696 335.964844
310.954498 309.080994 306.81192 304.41626 301.877289 299.115112 297.577545 299.557098 302.350983 304.947845 307.432251 310.514282 313.414398 316.08313 318.394348 319.816406 321.088165 320.807159 318.946075 318.156342 320.626038 324.862122 327.508514 330.024933 330.596985 331.052124 330.661224 329.715424 328.819702 327.963287 327.795227 327.402863 326.309296 326.976624 329.221863 329.974518 329.918945 329.391235 329.779449 332.309204 335.024017 336.487122 338.441254 339.989838 341.714996 342.539093 342.442322 342.227203 341.423431 340.642944 339.535858 338.432159 337.055969 335.391266 333.602783 334.081696 334.691193
315.083191 313.218201 311.132996 308.523895 305.734467 303.103271 300.40274 298.658844 299.871674 302.358917 304.834625 307.27243 309.837036 312.401642 314.413757 315.704956 317.211884 316.954895 315.600464 316.176025 321.97406 324.43338 327.044464 328.224976 328.589874 327.750549 326.600281 325.767151 324.953278 324.515808 324.940399 324.429626 323.64975 324.466675 325.257263 325.52066 328.518951 331.730042 333.3703 335.407806 336.67926 337.872528 339.134613 339.723511 340.661285 341.39209 341.39917 340.710693 339.621246 338.744202 337.688934 336.683319 335.420288 334.46524 333.081818 332.412384 333.175873
319.087952 317.271179 315.314911 312.529724 309.730011 306.940552 304.189178 301.84375 299.955444 299.923981 302.118103 304.380096 306.03421 308.275208 309.9263 311.642731 312.999695 313.478577 312.809143 315.914948 320.48941 323.397125 324.948608 325.850311 325.377106 323.75415 322.632263 321.653931 320.609192 320.728516 321.160492 321.415466 321.52063 322.331879 325.628418 328.68045 331.935822 334.143402 335.506683 336.369568 337.228424 338.049683 338.509949 338.991669 339.759674 340.117554 339.867004 339.416534 338.523468 337.567291 336.43869 335.155548 334.263947 334.197876 333.446808 331.067261 331.506836
323.086121 321.186035 319.205231 316.649872 313.859741 311.043884 308.624725 306.329407 304.52063 303.459076 302.182617 302.144836 303.110443 304.205109 305.706024 307.581482 308.68158 309.3862 310.530914 313.756287 316.490479 319.392395 322.005676 322.838776 321.337402 319.409088 318.223053 316.613922 316.952606 318.630585 319.645782 320.921906 322.562805 324.557251 327.22522 330.59729 332.513123 333.700134 335.026123 335.964844 336.244507 336.879578 337.391602 337.997864 338.108215 338.277435 338.25235 337.988159 337.351501 336.542633 335.755646 334.538666 333.07489 333.221222 332.390533 330.507751 329.693085
326.588165 325.056885 323.095551 320.540192 317.984283 315.286804 313.006134 310.596771 308.514252 307.250153 305.174561 306.244934 306.244781 306.553467 306.177795 305.618988 305.600159 306.65564 308.244659 310.372986 313.074524 314.936066 317.431213 318.453735 316.903595 314.948456 315.364685 318.444885 321.501923 322.076904 323.328796 324.316711 325.200531 326.961975 328.805145 330.960999 332.042542 333.567993 334.741425 335.571411 335.5979 335.716827 335.954163 335.834442 335.891571 336.150116 336.879242 336.728638 335.999268 335.320648 334.743774 333.921295 332.42569 331.572388 331.092865 329.341858 328.303589
330.063812 328.637756 326.985504 324.421112 321.787292 319.304779 316.853119 314.392792 312.606293 310.697906 308.429169 310.843597 311.064453 311.088837 310.711365 310.331848 309.926453 309.952209 309.319153 308.688263 309.651825 310.911011 312.344971 313.012115 312.757477 314.718536 316.728149 320.982208 323.195343 325.099915 325.90863 327.3414 328.192993 329.484467 330.964172 332.40802 333.593781 334.674255 335.213531 335.07193 334.955902 334.319885 333.896088 333.736877 333.674927 334.224609 334.953735 335.451233 334.838013 334.274078 333.703339 332.868591 331.786621 329.831909 330.074799 328.8909 326.245575
333.307465 331.897339 330.136475 328.031525 325.395355 322.985687 320.639862 318.188812 316.568542 314.367035 311.680359 314.55423 315.558563 315.707672 315.373779 315.032776 314.67807 314.247131 313.517883 312.785645 312.155884 311.521606 311.799591 313.601746 315.725525 317.585022 319.345306 321.509979 323.622711 325.478729 327.458313 329.549316 330.906555 332.298828 333.801178 334.695679 335.425873 336.205414 335.765198 334.903992 333.700104 332.88736 332.207153 331.295868 331.309448 332.232147 332.937927 333.600464 333.642181 333.161133 332.659363 331.956085 331.253784 329.081818 328.094879 327.69812 325.387329
335.300964 334.424683 332.955566 331.37738 329.013855 326.66626 324.320282 321.965851 320.191864 317.83902 314.948975 317.830658 319.965332 320.181915 319.997925 319.656921 318.999084 318.274628 317.547089 316.819397 315.948212 315.031158 315.010559 316.982666 318.669769 320.386353 322.121368 323.010132 324.44574 326.457306 328.567383 331.457733 333.418304 334.817383 336.232147 337.063629 337.527649 337.531616 335.96167 334.249908 332.483246 331.439575 328.941833 328.170258 328.332184 330.073975 330.867371 331.486389 332.0354 331.667023 331.058319 330.438904 329.819519 328.719421 325.943726 325.057159 322.555786
